           0     -0.4265655
           1     -0.3567444
           2     -0.3408449
           3     -0.3297859
           4     -0.3207093
           5     -0.3131991
           6     -0.3069519
           7     -0.3014710
           8     -0.2966152
           9     -0.2920877
          10     -0.2878808
          11     -0.2837952
          12     -0.2796238
          13     -0.2761105
          14     -0.2726270
          15     -0.2692797
          16     -0.2659969
          17     -0.2628207
          18     -0.2598709
          19     -0.2567900
          20     -0.2538444
          21     -0.2508187
          22     -0.2480344
          23     -0.2454718
          24     -0.2429617
          25     -0.2404800
          26     -0.2379901
          27     -0.2356082
          28     -0.2332375
          29     -0.2307845
          30     -0.2283816
          31     -0.2258778
          32     -0.2233333
          33     -0.2211728
          34     -0.2188498
          35     -0.2167507
          36     -0.2145440
          37     -0.2123638
          38     -0.2103097
          39     -0.2081725
          40     -0.2059287
          41     -0.2037092
          42     -0.2013760
          43     -0.1994857
          44     -0.1975889
          45     -0.1955784
          46     -0.1935722
          47     -0.1914445
          48     -0.1892018
          49     -0.1870925
          50     -0.1849128
          51     -0.1830168
          52     -0.1810725
          53     -0.1792217
          54     -0.1772302
          55     -0.1753231
          56     -0.1733875
          57     -0.1713538
          58     -0.1693894
          59     -0.1674699
          60     -0.1655116
          61     -0.1634094
          62     -0.1613618
          63     -0.1594311
          64     -0.1575045
          65     -0.1554653
          66     -0.1536277
          67     -0.1515621
          68     -0.1497173
          69     -0.1477019
          70     -0.1458070
          71     -0.1439545
          72     -0.1420323
          73     -0.1400201
          74     -0.1381970
          75     -0.1363974
          76     -0.1344945
          77     -0.1326250
          78     -0.1306962
          79     -0.1288887
          80     -0.1269396
          81     -0.1252292
          82     -0.1234464
          83     -0.1216391
          84     -0.1197354
          85     -0.1179105
          86     -0.1160510
          87     -0.1143056
          88     -0.1124044
          89     -0.1104860
          90     -0.1087564
          91     -0.1069185
          92     -0.1050883
          93     -0.1030765
          94     -0.1012074
          95     -0.0993525
          96     -0.0974803
          97     -0.0957345
          98     -0.0940211
          99     -0.0923375
         100     -0.0904042
         101     -0.0885143
         102     -0.0867371
         103     -0.0849651
         104     -0.0832581
         105     -0.0814570
         106     -0.0796685
         107     -0.0778002
         108     -0.0760330
         109     -0.0741888
         110     -0.0724587
         111     -0.0707761
         112     -0.0687602
         113     -0.0669817
         114     -0.0652367
         115     -0.0634901
         116     -0.0617973
         117     -0.0599577
         118     -0.0581164
         119     -0.0563802
         120     -0.0544950
         121     -0.0527026
         122     -0.0509928
         123     -0.0491832
         124     -0.0472869
         125     -0.0455319
         126     -0.0436396
         127     -0.0418708
         128     -0.0399810
         129     -0.0382573
         130     -0.0365122
         131     -0.0346218
         132     -0.0327007
         133     -0.0307848
         134     -0.0289015
         135     -0.0269802
         136     -0.0250173
         137     -0.0230700
         138     -0.0209686
         139     -0.0189682
         140     -0.0169844
         141     -0.0150154
         142     -0.0131640
         143     -0.0112188
         144     -0.0092000
         145     -0.0072119
         146     -0.0052574
         147     -0.0031283
         148     -0.0009606
         149      0.0010667
         150      0.0030608
         151      0.0050711
         152      0.0071226
         153      0.0091329
         154      0.0112057
         155      0.0133125
         156      0.0153269
         157      0.0172696
         158      0.0192137
         159      0.0212139
         160      0.0232316
         161      0.0253707
         162      0.0274362
         163      0.0295835
         164      0.0317193
         165      0.0342281
         166      0.0364958
         167      0.0387459
         168      0.0410347
         169      0.0433694
         170      0.0457562
         171      0.0481084
         172      0.0506681
         173      0.0529303
         174      0.0553238
         175      0.0577160
         176      0.0601553
         177      0.0627751
         178      0.0652647
         179      0.0676557
         180      0.0701880
         181      0.0728351
         182      0.0754128
         183      0.0780466
         184      0.0808205
         185      0.0834808
         186      0.0861833
         187      0.0887810
         188      0.0915830
         189      0.0942417
         190      0.0970742
         191      0.1001713
         192      0.1029713
         193      0.1058058
         194      0.1087354
         195      0.1115402
         196      0.1146275
         197      0.1175047
         198      0.1205749
         199      0.1234297
         200      0.1265324
         201      0.1300358
         202      0.1334204
         203      0.1368794
         204      0.1400811
         205      0.1436387
         206      0.1469232
         207      0.1505555
         208      0.1543097
         209      0.1574054
         210      0.1609530
         211      0.1648707
         212      0.1685461
         213      0.1720136
         214      0.1753869
         215      0.1792448
         216      0.1830040
         217      0.1872255
         218      0.1909052
         219      0.1946624
         220      0.1983207
         221      0.2023337
         222      0.2063493
         223      0.2106858
         224      0.2148620
         225      0.2195531
         226      0.2239447
         227      0.2284854
         228      0.2332621
         229      0.2377195
         230      0.2421113
         231      0.2468511
         232      0.2513849
         233      0.2558498
         234      0.2609040
         235      0.2657840
         236      0.2708416
         237      0.2759657
         238      0.2808199
         239      0.2859934
         240      0.2912378
         241      0.2961615
         242      0.3013550
         243      0.3066386
         244      0.3120233
         245      0.3174107
         246      0.3230328
         247      0.3286636
         248      0.3344706
         249      0.3399901
         250      0.3462040
         251      0.3522550
         252      0.3578116
         253      0.3640982
         254      0.3699855
         255      0.3762136
         256      0.3821051
         257      0.3883163
         258      0.3943596
         259      0.4012529
         260      0.4079691
         261      0.4151859
         262      0.4222429
         263      0.4292976
         264      0.4364523
         265      0.4426447
         266      0.4496325
         267      0.4565442
         268      0.4636756
         269      0.4717302
         270      0.4789384
         271      0.4870488
         272      0.4945298
         273      0.5022501
         274      0.5101100
         275      0.5191020
         276      0.5278820
         277      0.5365808
         278      0.5455788
         279      0.5545957
         280      0.5635986
         281      0.5724635
         282      0.5820684
         283      0.5914242
         284      0.6003692
         285      0.6106097
         286      0.6208184
         287      0.6314113
         288      0.6426935
         289      0.6559803
         290      0.6687910
         291      0.6816368
         292      0.6957925
         293      0.7098132
         294      0.7255556
         295      0.7445684
         296      0.7677051
         297      0.7964184
         298      0.8335574
         299      0.8946075
         300      1.2183802
