           0     -0.4066210
           1     -0.3262824
           2     -0.3024565
           3     -0.2895550
           4     -0.2786568
           5     -0.2691884
           6     -0.2615808
           7     -0.2550368
           8     -0.2479867
           9     -0.2424257
          10     -0.2368243
          11     -0.2321261
          12     -0.2272632
          13     -0.2228838
          14     -0.2187189
          15     -0.2146849
          16     -0.2108620
          17     -0.2072384
          18     -0.2036725
          19     -0.2003895
          20     -0.1965185
          21     -0.1927819
          22     -0.1898010
          23     -0.1866653
          24     -0.1840078
          25     -0.1813117
          26     -0.1784786
          27     -0.1758817
          28     -0.1728972
          29     -0.1704081
          30     -0.1674854
          31     -0.1644835
          32     -0.1621106
          33     -0.1598201
          34     -0.1570083
          35     -0.1547452
          36     -0.1524721
          37     -0.1501620
          38     -0.1477935
          39     -0.1452236
          40     -0.1429802
          41     -0.1408409
          42     -0.1390965
          43     -0.1368920
          44     -0.1344000
          45     -0.1322801
          46     -0.1301630
          47     -0.1279916
          48     -0.1259935
          49     -0.1238936
          50     -0.1219749
          51     -0.1199970
          52     -0.1177387
          53     -0.1158164
          54     -0.1137869
          55     -0.1118749
          56     -0.1100940
          57     -0.1080724
          58     -0.1062471
          59     -0.1043920
          60     -0.1028392
          61     -0.1009907
          62     -0.0991004
          63     -0.0972684
          64     -0.0954241
          65     -0.0936186
          66     -0.0919447
          67     -0.0901439
          68     -0.0882596
          69     -0.0863186
          70     -0.0845578
          71     -0.0827469
          72     -0.0811168
          73     -0.0792661
          74     -0.0774206
          75     -0.0756615
          76     -0.0737075
          77     -0.0720416
          78     -0.0703077
          79     -0.0684629
          80     -0.0668679
          81     -0.0650516
          82     -0.0633833
          83     -0.0616669
          84     -0.0598558
          85     -0.0583279
          86     -0.0568686
          87     -0.0552453
          88     -0.0535952
          89     -0.0520543
          90     -0.0503072
          91     -0.0486959
          92     -0.0470928
          93     -0.0454873
          94     -0.0438296
          95     -0.0422328
          96     -0.0405757
          97     -0.0391015
          98     -0.0375758
          99     -0.0359691
         100     -0.0344314
         101     -0.0329566
         102     -0.0314546
         103     -0.0300131
         104     -0.0285996
         105     -0.0270464
         106     -0.0254679
         107     -0.0238226
         108     -0.0223590
         109     -0.0208493
         110     -0.0192314
         111     -0.0176523
         112     -0.0161994
         113     -0.0148439
         114     -0.0132792
         115     -0.0116118
         116     -0.0101142
         117     -0.0084890
         118     -0.0070322
         119     -0.0055850
         120     -0.0040606
         121     -0.0026633
         122     -0.0012377
         123      0.0002868
         124      0.0017957
         125      0.0032864
         126      0.0048786
         127      0.0061831
         128      0.0075463
         129      0.0089533
         130      0.0102042
         131      0.0117400
         132      0.0131161
         133      0.0145159
         134      0.0158162
         135      0.0173284
         136      0.0187064
         137      0.0200971
         138      0.0216889
         139      0.0231462
         140      0.0245458
         141      0.0261081
         142      0.0274006
         143      0.0286380
         144      0.0301419
         145      0.0316603
         146      0.0331341
         147      0.0346291
         148      0.0361094
         149      0.0375413
         150      0.0390195
         151      0.0403145
         152      0.0418717
         153      0.0431946
         154      0.0447754
         155      0.0465895
         156      0.0480530
         157      0.0494696
         158      0.0512186
         159      0.0527230
         160      0.0544469
         161      0.0560858
         162      0.0576131
         163      0.0591418
         164      0.0608675
         165      0.0623877
         166      0.0638975
         167      0.0655034
         168      0.0669940
         169      0.0686246
         170      0.0702610
         171      0.0721368
         172      0.0740061
         173      0.0755165
         174      0.0770278
         175      0.0790375
         176      0.0807140
         177      0.0824453
         178      0.0842627
         179      0.0859202
         180      0.0878846
         181      0.0894811
         182      0.0912621
         183      0.0933157
         184      0.0948178
         185      0.0967259
         186      0.0984008
         187      0.1003993
         188      0.1023118
         189      0.1042154
         190      0.1061945
         191      0.1080388
         192      0.1099314
         193      0.1120573
         194      0.1142116
         195      0.1164353
         196      0.1185720
         197      0.1204054
         198      0.1223970
         199      0.1247944
         200      0.1270083
         201      0.1290616
         202      0.1311579
         203      0.1338336
         204      0.1360102
         205      0.1381651
         206      0.1403891
         207      0.1423210
         208      0.1445173
         209      0.1468133
         210      0.1488293
         211      0.1511958
         212      0.1533667
         213      0.1556804
         214      0.1583279
         215      0.1606252
         216      0.1632680
         217      0.1658474
         218      0.1685016
         219      0.1711313
         220      0.1740798
         221      0.1767601
         222      0.1794900
         223      0.1821851
         224      0.1847368
         225      0.1877642
         226      0.1903824
         227      0.1932676
         228      0.1962568
         229      0.1989440
         230      0.2015131
         231      0.2044615
         232      0.2072232
         233      0.2103109
         234      0.2132359
         235      0.2163388
         236      0.2191137
         237      0.2220136
         238      0.2250910
         239      0.2280887
         240      0.2313436
         241      0.2341622
         242      0.2373341
         243      0.2407713
         244      0.2436737
         245      0.2471908
         246      0.2503753
         247      0.2540560
         248      0.2577302
         249      0.2613634
         250      0.2650524
         251      0.2688108
         252      0.2721387
         253      0.2757331
         254      0.2789919
         255      0.2830574
         256      0.2869927
         257      0.2913950
         258      0.2949530
         259      0.2989815
         260      0.3031156
         261      0.3070575
         262      0.3108416
         263      0.3148040
         264      0.3194911
         265      0.3238901
         266      0.3281710
         267      0.3328843
         268      0.3376825
         269      0.3424135
         270      0.3470386
         271      0.3523243
         272      0.3571121
         273      0.3620337
         274      0.3675265
         275      0.3731380
         276      0.3782906
         277      0.3836706
         278      0.3891436
         279      0.3948690
         280      0.4006638
         281      0.4071305
         282      0.4131178
         283      0.4198380
         284      0.4255468
         285      0.4316013
         286      0.4373850
         287      0.4442943
         288      0.4512971
         289      0.4597910
         290      0.4676809
         291      0.4758176
         292      0.4858561
         293      0.4956946
         294      0.5050386
         295      0.5163482
         296      0.5264876
         297      0.5398549
         298      0.5578336
         299      0.5786999
         300      0.6614709
