           0     -0.4498959
           1     -0.4080787
           2     -0.3849179
           3     -0.3705236
           4     -0.3591112
           5     -0.3494534
           6     -0.3411894
           7     -0.3322826
           8     -0.3257071
           9     -0.3206330
          10     -0.3151879
          11     -0.3087620
          12     -0.3037519
          13     -0.2992211
          14     -0.2939521
          15     -0.2899393
          16     -0.2859851
          17     -0.2812323
          18     -0.2768432
          19     -0.2734128
          20     -0.2701372
          21     -0.2667934
          22     -0.2633085
          23     -0.2602708
          24     -0.2571079
          25     -0.2540798
          26     -0.2518762
          27     -0.2479959
          28     -0.2457159
          29     -0.2433417
          30     -0.2403648
          31     -0.2383319
          32     -0.2359147
          33     -0.2329302
          34     -0.2298822
          35     -0.2271050
          36     -0.2250755
          37     -0.2223795
          38     -0.2200892
          39     -0.2178895
          40     -0.2156798
          41     -0.2130510
          42     -0.2107937
          43     -0.2086819
          44     -0.2061267
          45     -0.2035337
          46     -0.2008690
          47     -0.1985158
          48     -0.1963114
          49     -0.1932162
          50     -0.1915705
          51     -0.1894394
          52     -0.1867830
          53     -0.1844239
          54     -0.1817668
          55     -0.1798752
          56     -0.1776293
          57     -0.1757034
          58     -0.1731309
          59     -0.1703130
          60     -0.1682334
          61     -0.1664205
          62     -0.1643617
          63     -0.1619290
          64     -0.1595861
          65     -0.1569132
          66     -0.1548647
          67     -0.1528855
          68     -0.1503237
          69     -0.1483414
          70     -0.1462497
          71     -0.1440264
          72     -0.1418023
          73     -0.1396065
          74     -0.1374059
          75     -0.1353130
          76     -0.1331891
          77     -0.1312431
          78     -0.1289647
          79     -0.1263485
          80     -0.1234967
          81     -0.1211863
          82     -0.1190628
          83     -0.1164747
          84     -0.1140203
          85     -0.1115576
          86     -0.1094867
          87     -0.1073115
          88     -0.1053460
          89     -0.1032472
          90     -0.1012216
          91     -0.0987575
          92     -0.0961605
          93     -0.0931944
          94     -0.0915137
          95     -0.0887957
          96     -0.0866505
          97     -0.0838829
          98     -0.0815439
          99     -0.0792024
         100     -0.0771226
         101     -0.0747667
         102     -0.0727047
         103     -0.0704698
         104     -0.0684135
         105     -0.0661402
         106     -0.0632845
         107     -0.0612687
         108     -0.0591393
         109     -0.0571130
         110     -0.0550570
         111     -0.0527056
         112     -0.0497832
         113     -0.0473049
         114     -0.0454115
         115     -0.0431158
         116     -0.0404321
         117     -0.0383317
         118     -0.0361757
         119     -0.0336256
         120     -0.0315517
         121     -0.0292725
         122     -0.0260524
         123     -0.0236832
         124     -0.0215275
         125     -0.0192823
         126     -0.0174758
         127     -0.0148025
         128     -0.0122967
         129     -0.0095088
         130     -0.0075204
         131     -0.0047368
         132     -0.0020987
         133      0.0001941
         134      0.0029587
         135      0.0052163
         136      0.0075239
         137      0.0095623
         138      0.0124704
         139      0.0145708
         140      0.0165555
         141      0.0198059
         142      0.0219448
         143      0.0245356
         144      0.0269475
         145      0.0301145
         146      0.0325497
         147      0.0356669
         148      0.0382105
         149      0.0402988
         150      0.0430909
         151      0.0455413
         152      0.0481901
         153      0.0508656
         154      0.0537490
         155      0.0569150
         156      0.0600486
         157      0.0639701
         158      0.0667446
         159      0.0697979
         160      0.0727180
         161      0.0755842
         162      0.0789149
         163      0.0818298
         164      0.0851014
         165      0.0883045
         166      0.0923697
         167      0.0956068
         168      0.0986457
         169      0.1016791
         170      0.1050782
         171      0.1079153
         172      0.1117516
         173      0.1146347
         174      0.1187966
         175      0.1230416
         176      0.1262882
         177      0.1294264
         178      0.1327019
         179      0.1355748
         180      0.1391571
         181      0.1438258
         182      0.1474185
         183      0.1507785
         184      0.1550345
         185      0.1588545
         186      0.1635278
         187      0.1665925
         188      0.1696234
         189      0.1729969
         190      0.1772821
         191      0.1812940
         192      0.1865457
         193      0.1909304
         194      0.1952872
         195      0.1992911
         196      0.2037734
         197      0.2084841
         198      0.2121753
         199      0.2158709
         200      0.2199463
         201      0.2241387
         202      0.2291661
         203      0.2322640
         204      0.2381434
         205      0.2430997
         206      0.2483603
         207      0.2525911
         208      0.2567309
         209      0.2609547
         210      0.2655545
         211      0.2701567
         212      0.2743502
         213      0.2785231
         214      0.2842555
         215      0.2904536
         216      0.2960972
         217      0.3019821
         218      0.3082293
         219      0.3127047
         220      0.3182918
         221      0.3241774
         222      0.3294535
         223      0.3343622
         224      0.3400125
         225      0.3457913
         226      0.3532865
         227      0.3605468
         228      0.3668572
         229      0.3754132
         230      0.3810912
         231      0.3869690
         232      0.3937443
         233      0.4010206
         234      0.4076805
         235      0.4138829
         236      0.4214998
         237      0.4313342
         238      0.4384769
         239      0.4460245
         240      0.4548206
         241      0.4614078
         242      0.4714615
         243      0.4780482
         244      0.4875599
         245      0.4976397
         246      0.5053762
         247      0.5159267
         248      0.5237010
         249      0.5321511
         250      0.5411531
         251      0.5506083
         252      0.5573760
         253      0.5654188
         254      0.5762857
         255      0.5870371
         256      0.5981091
         257      0.6081320
         258      0.6171644
         259      0.6287684
         260      0.6421446
         261      0.6518872
         262      0.6629956
         263      0.6722740
         264      0.6825145
         265      0.6919061
         266      0.7035991
         267      0.7158921
         268      0.7292261
         269      0.7406824
         270      0.7534637
         271      0.7640076
         272      0.7786143
         273      0.7913202
         274      0.8043878
         275      0.8181218
         276      0.8340988
         277      0.8467759
         278      0.8623195
         279      0.8757327
         280      0.8904114
         281      0.9096730
         282      0.9263539
         283      0.9430606
         284      0.9682391
         285      0.9865634
         286      1.0057585
         287      1.0235891
         288      1.0452425
         289      1.0784953
         290      1.1046919
         291      1.1332684
         292      1.1673716
         293      1.2009804
         294      1.2491231
         295      1.3029145
         296      1.3544018
         297      1.4293754
         298      1.5311493
         299      1.7204831
         300      1.8373837