           0 	 -0.4856814    
           1 	 -0.3609312    
           2 	 -0.3429447    
           3 	 -0.3309107    
           4 	 -0.3221200    
           5 	 -0.3148634    
           6 	 -0.3088763    
           7 	 -0.3038782    
           8 	 -0.2990679    
           9 	 -0.2946986    
          10 	 -0.2906282    
          11 	 -0.2868235    
          12 	 -0.2833691    
          13 	 -0.2799796    
          14 	 -0.2766805    
          15 	 -0.2734472    
          16 	 -0.2705276    
          17 	 -0.2678457    
          18 	 -0.2651263    
          19 	 -0.2625376    
          20 	 -0.2597595    
          21 	 -0.2573553    
          22 	 -0.2548863    
          23 	 -0.2524210    
          24 	 -0.2501029    
          25 	 -0.2477923    
          26 	 -0.2453706    
          27 	 -0.2429909    
          28 	 -0.2406824    
          29 	 -0.2384907    
          30 	 -0.2362944    
          31 	 -0.2341357    
          32 	 -0.2319352    
          33 	 -0.2296991    
          34 	 -0.2276157    
          35 	 -0.2254561    
          36 	 -0.2233764    
          37 	 -0.2214064    
          38 	 -0.2191498    
          39 	 -0.2169771    
          40 	 -0.2149267    
          41 	 -0.2128609    
          42 	 -0.2106505    
          43 	 -0.2083694    
          44 	 -0.2064288    
          45 	 -0.2044284    
          46 	 -0.2023238    
          47 	 -0.2003930    
          48 	 -0.1982546    
          49 	 -0.1962006    
          50 	 -0.1941555    
          51 	 -0.1919916    
          52 	 -0.1899341    
          53 	 -0.1879795    
          54 	 -0.1859730    
          55 	 -0.1839667    
          56 	 -0.1819677    
          57 	 -0.1798181    
          58 	 -0.1778690    
          59 	 -0.1758049    
          60 	 -0.1739759    
          61 	 -0.1720956    
          62 	 -0.1701225    
          63 	 -0.1681864    
          64 	 -0.1662809    
          65 	 -0.1643885    
          66 	 -0.1625513    
          67 	 -0.1606315    
          68 	 -0.1587802    
          69 	 -0.1568689    
          70 	 -0.1550188    
          71 	 -0.1531411    
          72 	 -0.1512274    
          73 	 -0.1493296    
          74 	 -0.1474747    
          75 	 -0.1456406    
          76 	 -0.1437358    
          77 	 -0.1418955    
          78 	 -0.1401304    
          79 	 -0.1382411    
          80 	 -0.1364435    
          81 	 -0.1347192    
          82 	 -0.1329180    
          83 	 -0.1310246    
          84 	 -0.1293332    
          85 	 -0.1275167    
          86 	 -0.1255281    
          87 	 -0.1238047    
          88 	 -0.1219827    
          89 	 -0.1202962    
          90 	 -0.1185088    
          91 	 -0.1167564    
          92 	 -0.1149858    
          93 	 -0.1134049    
          94 	 -0.1117075    
          95 	 -0.1099796    
          96 	 -0.1081652    
          97 	 -0.1062977    
          98 	 -0.1043637    
          99 	 -0.1026187    
         100 	 -0.1009302    
         101 	 -9.9213928E-02
         102 	 -9.7512573E-02
         103 	 -9.5763743E-02
         104 	 -9.3969852E-02
         105 	 -9.2346281E-02
         106 	 -9.0560287E-02
         107 	 -8.9094192E-02
         108 	 -8.7453604E-02
         109 	 -8.5811585E-02
         110 	 -8.4089279E-02
         111 	 -8.2550973E-02
         112 	 -8.0947518E-02
         113 	 -7.9383075E-02
         114 	 -7.7831298E-02
         115 	 -7.6349586E-02
         116 	 -7.4730605E-02
         117 	 -7.3046684E-02
         118 	 -7.1423292E-02
         119 	 -6.9799334E-02
         120 	 -6.8223864E-02
         121 	 -6.6626459E-02
         122 	 -6.5086693E-02
         123 	 -6.3488841E-02
         124 	 -6.1929584E-02
         125 	 -6.0305804E-02
         126 	 -5.8831602E-02
         127 	 -5.7142287E-02
         128 	 -5.5511236E-02
         129 	 -5.3820044E-02
         130 	 -5.2239418E-02
         131 	 -5.0743848E-02
         132 	 -4.9113214E-02
         133 	 -4.7644824E-02
         134 	 -4.6098202E-02
         135 	 -4.4463247E-02
         136 	 -4.2957902E-02
         137 	 -4.1582614E-02
         138 	 -4.0130407E-02
         139 	 -3.8538158E-02
         140 	 -3.7003994E-02
         141 	 -3.5540372E-02
         142 	 -3.4081072E-02
         143 	 -3.2501489E-02
         144 	 -3.1100482E-02
         145 	 -2.9651999E-02
         146 	 -2.8258681E-02
         147 	 -2.6758134E-02
         148 	 -2.5361925E-02
         149 	 -2.3964018E-02
         150 	 -2.2614062E-02
         151 	 -2.1306008E-02
         152 	 -1.9934684E-02
         153 	 -1.8441796E-02
         154 	 -1.7127931E-02
         155 	 -1.5661389E-02
         156 	 -1.4173657E-02
         157 	 -1.2747794E-02
         158 	 -1.1322528E-02
         159 	 -9.9061728E-03
         160 	 -8.4873438E-03
         161 	 -6.9971681E-03
         162 	 -5.6113303E-03
         163 	 -4.2213202E-03
         164 	 -2.7809143E-03
         165 	 -1.4122725E-03
         166 	  3.0189753E-05
         167 	  1.4952719E-03
         168 	  2.8875768E-03
         169 	  4.4675767E-03
         170 	  5.8187544E-03
         171 	  7.1083903E-03
         172 	  8.5898340E-03
         173 	  1.0105759E-02
         174 	  1.1668533E-02
         175 	  1.3101071E-02
         176 	  1.4740169E-02
         177 	  1.6273320E-02
         178 	  1.7875314E-02
         179 	  1.9429982E-02
         180 	  2.1068096E-02
         181 	  2.2575080E-02
         182 	  2.4098635E-02
         183 	  2.5590718E-02
         184 	  2.7248919E-02
         185 	  2.8816700E-02
         186 	  3.0408084E-02
         187 	  3.1993330E-02
         188 	  3.3539891E-02
         189 	  3.5142124E-02
         190 	  3.6971092E-02
         191 	  3.8797438E-02
         192 	  4.0567458E-02
         193 	  4.2366087E-02
         194 	  4.4342101E-02
         195 	  4.6198845E-02
         196 	  4.8154712E-02
         197 	  5.0314486E-02
         198 	  5.2585483E-02
         199 	  5.4718494E-02
         200 	  5.7250202E-02
         201 	  5.9751987E-02
         202 	  6.2738359E-02
         203 	  6.5798640E-02
         204 	  6.9224954E-02
         205 	  7.2766244E-02
         206 	  7.6419294E-02
         207 	  8.0219507E-02
         208 	  8.3863616E-02
         209 	  8.7774575E-02
         210 	  9.1569304E-02
         211 	  9.5690370E-02
         212 	  9.9569917E-02
         213 	  0.1039166    
         214 	  0.1077542    
         215 	  0.1118615    
         216 	  0.1160263    
         217 	  0.1205703    
         218 	  0.1249630    
         219 	  0.1294070    
         220 	  0.1340646    
         221 	  0.1389649    
         222 	  0.1432757    
         223 	  0.1485003    
         224 	  0.1530484    
         225 	  0.1583242    
         226 	  0.1634804    
         227 	  0.1685923    
         228 	  0.1737655    
         229 	  0.1791066    
         230 	  0.1844336    
         231 	  0.1896750    
         232 	  0.1952384    
         233 	  0.2004859    
         234 	  0.2058445    
         235 	  0.2112836    
         236 	  0.2168276    
         237 	  0.2230008    
         238 	  0.2291432    
         239 	  0.2350260    
         240 	  0.2411979    
         241 	  0.2474577    
         242 	  0.2542853    
         243 	  0.2606477    
         244 	  0.2667304    
         245 	  0.2736425    
         246 	  0.2802334    
         247 	  0.2871224    
         248 	  0.2941616    
         249 	  0.3012345    
         250 	  0.3082532    
         251 	  0.3153173    
         252 	  0.3224444    
         253 	  0.3297668    
         254 	  0.3375148    
         255 	  0.3448665    
         256 	  0.3521847    
         257 	  0.3607402    
         258 	  0.3688406    
         259 	  0.3782347    
         260 	  0.3871241    
         261 	  0.3955863    
         262 	  0.4051063    
         263 	  0.4145720    
         264 	  0.4235370    
         265 	  0.4329616    
         266 	  0.4430295    
         267 	  0.4533706    
         268 	  0.4633551    
         269 	  0.4742077    
         270 	  0.4838448    
         271 	  0.4943064    
         272 	  0.5058806    
         273 	  0.5165406    
         274 	  0.5285265    
         275 	  0.5401500    
         276 	  0.5512450    
         277 	  0.5639384    
         278 	  0.5770958    
         279 	  0.5896788    
         280 	  0.6028362    
         281 	  0.6156289    
         282 	  0.6302184    
         283 	  0.6445903    
         284 	  0.6585404    
         285 	  0.6738107    
         286 	  0.6883251    
         287 	  0.7047927    
         288 	  0.7213394    
         289 	  0.7386517    
         290 	  0.7568110    
         291 	  0.7779204    
         292 	  0.7994907    
         293 	  0.8230745    
         294 	  0.8475764    
         295 	  0.8746457    
         296 	  0.9096524    
         297 	  0.9518166    
         298 	   1.004854    
         299 	   1.079751    
         300 	   1.588633    
